import csv
import numpy as np
#import pandas as pd
import matplotlib
import glob

mean_bb = np.array([0.600450223167624, 0.821144576631118, 0.541489949288450]).reshape((1,3))
mean_bnb = np.array([0.599962143637027, 0.567116378338138, 0.389225531187261]).reshape((1,3))
mean_bright = np.array([0.222078685298198, 0.0246999037980090, 0.973339577363660]).reshape((1,3))
mean_brown = np.array([0.101129134830762, 0.369031429118953, 0.448262211019229]).reshape((1,3))
mean_dark = np.array([0.409917233953271, 0.206375575410967, 0.106533089894184]).reshape((1,3))
mean_green = np.array([0.259035308426701, 0.506254821795020, 0.328777214031187]).reshape((1,3))
mean_red = np.array([0.917210972255985, 0.606658512410159, 0.838620435776050]).reshape((1,3))
mean_purple = np.array([0.620861210309264, 0.545471447397241, 0.337861164616990]).reshape((1,3))



# Covariance of the seven classes
cov_bb = [[0.000601885346674061, -0.00202284072187226, -0.00197910151700714],
                        [-0.00202284072187226, 0.0292253049718575, 0.0144801125739284],
                        [-0.00197910151700714, 0.0144801125739284, 0.0311956197198206]]

cov_bnb = np.array([[0.00287526118581555, -0.000226086456402743, -0.000842564761664618],
                         [-0.000226086456402743, 0.0212182973294862, -0.00619535362619878],
                         [-0.000842564761664618, -0.00619535362619878, 0.0275361187517623]])

cov_bright = np.array([[0.0892907752759235, 0.00577608393904129, -0.00505493813842796],
                            [0.00577608393904129, 0.000902051488068500, -0.000947244202846032],
                            [-0.00505493813842796, -0.000947244202846032, 0.00135082052088019]])

cov_brown = np.array([[0.0165871037271729, -0.00969424718075186, 0.00119928913651545],
                           [-0.00969424718075186, 0.0380887448158055, -0.00757357420191947],
                           [0.00119928913651545, -0.00757357420191947, 0.0335137898298415]])

cov_dark = np.array([[0.0615199441256437, 0.00982887247604139, 0.00910189906332259],
                          [0.00982887247604139, 0.0160432894487430, 0.00177445436930231],
                          [0.00910189906332259, 0.00177445436930231, 0.00766547111767083]])

cov_green = np.array([[0.00524264958352771, -0.00144684549050819, -0.00383469278820749],
                           [-0.00144684549050819, 0.0350915775689017, -0.00541871240706633],
                           [-0.00383469278820749, -0.00541871240706633, 0.0188230594898524]])

cov_red = np.array([[0.0626856441843678, 0.00751071400071906, 0.00475444454810507],
                         [0.00751071400071906, 0.0431417592700689, -0.0207413770858666],
                         [0.00475444454810507, -0.0207413770858666, 0.0145623411950699]])

cov_purple = np.array([[0.00534676235837186, 0.00120470599400381, -0.00107017617614920],
                            [0.00120470599400381, 0.0170608858017658, -0.00249300340161442],
                            [-0.00107017617614920, -0.00249300340161442, 0.0147856463422363]])

one_class = 'purple.csv'

#print (type(mean_bb))
with open('new_gaussian_' + one_class, 'a') as output:
    writer = csv.writer(output)
    writer.writerows(mean_purple)
    writer.writerows(cov_purple)